5
30 30
10 15
20 2
9 16
11 28
18 17
3 17
27 16
7 23
5 14
3 10
25 24
28 3
2 17
7 12
11 3
24 29
15 7
3 3
6 28
20 29
10 21
24 11
7 5
1 0
7 0
1 15
1 1
4 9
19 20
0 13
1 10
16 13
10 4
1 28
23 16
3 23
2 26
15 23
3 10
5 15
1 19
16 1
17 18
11 7
4 21
27 3
21 18
22 1
5 6
23 8
14 27
20 15
19 7
7 28
4 9
8 17
16 16
28 14
7 22
10 20
20 16
21 7
26 9
6 25
22 21
1 3
12 0
10 19
22 16
12 22
3 7
16 26
25 22
21 1
27 22
28 4
10 22
2 7
19 10
17 26
17 28
0 16
29 12
1 14
16 10
18 22
6 16
26 22
15 27
4 26
6 12
19 5
18 2
27 8
11 12
19 25
4 3
12 9
15 21
15 5
